Gene	scL1P0001	scL1P0002	scL1P0003	scL1P0004	scL1P0005	scL1P0006	scL1P0007	scL1P0008	scL1P0009	scL1P0010	scL1P0011	scL1P0012	scL1P0013	scL1P0014	scL1P0015	scL1P0016	scL1P0017
Q0070	1	1	0	0	0	0	0	0	0	0	0	0	0	0	0	0	0
Q0085	0	0	0	1	1	1	0	0	1	0	0	0	1	0	0	0	0
Q0110	1	1	1	0	0	0	0	0	0	0	0	0	0	0	0	0	0
Q0275	0	0	0	1	0	0	0	0	1	0	0	0	0	0	0	0	0
YAL012W	0	0	1	0	0	0	0	0	0	0	0	0	0	0	0	0	0
YAL013W	1	0	1	0	0	0	0	0	0	0	0	0	0	0	0	0	0
YAL020C	0	1	0	0	0	0	0	0	0	1	0	0	0	0	0	0	0
YAL023C	0	0	1	0	1	0	0	0	0	0	0	0	0	0	0	0	0
YAL025C	0	1	0	0	0	0	0	0	0	0	0	0	0	1	0	0	0
YAL026C	1	0	1	1	0	1	0	0	0	0	0	0	0	0	0	0	0
YAL030W	0	0	0	1	0	0	0	0	0	0	0	0	0	0	0	0	0
YAL043C	1	0	0	0	0	1	0	0	0	0	0	0	0	0	0	0	0
YAL047C	0	1	0	0	0	0	0	0	0	1	0	0	0	0	0	0	0
YAL054C	0	0	1	0	0	0	0	0	1	1	0	0	0	0	0	0	0
YAL060W	0	0	1	0	0	1	0	0	1	0	0	0	0	0	0	0	0
YAR003W	1	1	0	0	1	0	0	0	0	1	0	0	0	0	0	0	0
YAR008W	1	0	0	0	0	0	0	0	0	0	0	0	0	0	0	0	0
YAR019C	0	1	1	0	1	0	0	0	0	0	0	0	0	0	0	0	0
YAR031W	0	0	0	1	0	0	0	0	0	1	0	0	0	0	0	0	0
YBL008W	1	1	0	0	0	0	0	0	0	0	0	0	0	0	1	0	0
YBL017C	0	0	0	1	1	1	0	0	0	0	0	0	0	0	0	0	0
YBL023C	0	1	0	0	0	1	0	0	0	0	0	0	0	0	0	0	0
YBL025W	1	0	0	0	0	1	0	0	0	0	0	0	0	0	0	0	0
YBL034C	0	0	0	0	0	0	0	0	0	1	0	0	0	0	0	0	0
YBL039C	0	0	1	0	0	0	0	0	0	1	0	0	0	0	0	0	0
YBL056W	0	0	1	0	1	0	0	1	0	0	0	0	1	0	1	0	0
YBL061C	0	1	1	0	0	0	1	0	0	1	1	1	0	0	1	0	0
YBL064C	0	0	0	0	0	0	1	0	0	0	0	0	0	0	0	0	0
YBL068W	0	0	1	0	0	0	0	0	1	0	0	0	0	0	0	0	0
YBL071W-A	0	1	1	0	1	0	0	0	0	0	0	0	0	0	0	0	0
YBL074C	1	0	0	0	1	0	0	0	0	0	0	0	0	0	0	0	0
YBL082C	0	0	1	0	1	0	0	0	0	0	0	0	0	0	0	0	0
YBL091C	0	0	0	0	1	0	0	0	0	0	0	0	0	1	0	0	0
YBL092W	0	0	0	0	0	0	0	0	0	0	0	0	0	1	0	0	0
YBL098W	0	0	1	0	0	0	0	0	0	0	0	0	0	0	0	0	0
YBL099W	0	0	0	1	0	0	0	0	1	0	0	0	1	0	0	0	0
YBL101C	0	0	0	0	0	0	0	0	0	1	0	0	0	0	0	0	0
YBR018C	0	0	1	0	0	0	0	0	0	0	0	0	0	0	0	0	0
YBR038W	0	1	1	0	0	0	1	0	0	0	1	0	0	0	0	0	0
YBR050C	1	0	1	0	1	0	0	0	0	0	0	1	0	0	0	0	0
YBR052C	0	0	0	1	0	0	0	0	0	0	0	0	0	0	0	0	0
YBR079C	0	1	0	0	0	0	0	0	0	0	0	0	0	1	0	0	0
YBR081C	1	1	0	0	1	1	0	0	0	1	0	0	0	0	0	0	1
YBR082C	0	0	0	1	1	1	1	0	0	0	1	0	1	0	0	0	0
YBR086C	0	0	0	0	0	0	1	0	0	0	0	0	0	0	0	0	0
YBR087W	0	1	0	0	0	1	0	0	0	0	0	0	0	0	1	0	0
YBR088C	0	1	0	0	0	0	0	0	0	0	0	0	0	0	1	0	0
YBR089C-A	1	1	0	0	0	0	0	0	0	0	1	1	0	0	0	0	0
YBR091C	0	0	0	1	1	0	0	0	0	1	0	0	0	0	0	0	0
YBR098W	1	1	0	0	0	0	0	0	0	0	0	0	0	0	1	0	0
YBR105C	0	0	0	1	1	0	0	0	1	0	0	0	0	0	0	0	0
YBR109C	0	1	0	1	0	1	0	0	0	1	1	1	1	0	0	0	0
YBR110W	0	0	1	0	1	0	0	0	0	0	0	0	0	0	0	0	0
YBR120C	1	0	0	0	0	0	0	0	0	0	0	0	0	1	0	0	0
YBR131W	0	0	0	1	1	0	1	0	0	1	0	0	0	0	1	0	0
YBR136W	0	1	1	0	1	0	1	0	0	0	0	0	0	0	0	0	0
YBR139W	0	0	0	0	1	0	0	0	0	0	0	0	0	0	0	0	0
YBR145W	0	0	1	0	0	0	1	0	1	0	0	0	0	0	0	0	0
YBR146W	0	0	0	0	0	0	0	0	0	1	0	0	0	1	0	0	0
YBR161W	0	0	1	0	0	0	0	0	0	0	1	0	0	0	0	0	0
YBR172C	0	0	0	1	0	0	0	0	0	1	0	0	0	0	0	0	0
YBR176W	0	0	1	0	0	0	0	0	0	1	0	0	0	0	0	0	0
YBR179C	0	0	0	0	0	0	0	0	0	1	0	0	0	0	0	0	0
YBR181C	0	0	0	0	0	0	0	0	0	0	0	0	0	1	0	0	0
YBR182C	1	0	0	0	0	1	0	0	0	0	0	0	0	0	0	0	0
YBR183W	0	0	1	0	0	0	0	0	0	0	0	0	0	0	0	0	0
YBR188C	1	0	0	0	0	0	0	0	0	0	0	0	0	0	0	0	0
YBR189W	0	0	0	0	0	0	0	0	0	0	0	0	0	1	0	0	0
YBR193C	1	0	0	0	0	1	0	0	0	0	0	0	0	0	0	0	0
YBR202W	0	1	0	0	0	1	0	0	0	0	0	0	0	0	0	0	0
YBR208C	0	0	1	0	0	1	0	0	0	0	0	0	0	0	0	0	0
YBR214W	0	1	1	1	1	0	0	0	0	0	0	0	0	0	0	0	0
YBR215W	1	1	0	0	0	0	0	0	0	0	0	0	0	0	0	0	0
YBR229C	0	0	1	0	0	0	0	0	1	1	0	0	0	0	0	0	0
YBR240C	1	0	1	0	0	0	0	0	0	0	0	0	0	0	0	0	0
YBR244W	0	0	0	0	0	0	1	0	0	0	0	0	0	0	0	0	0
YBR248C	0	0	1	0	0	0	0	0	0	0	0	0	0	0	0	0	0
YBR249C	0	0	1	0	0	0	0	0	0	0	0	0	0	0	0	0	0
YBR251W	0	0	0	0	0	0	0	0	0	1	0	0	0	1	0	0	0
YBR252W	0	0	1	0	0	0	0	0	0	0	0	0	0	0	0	0	0
YBR272C	0	1	0	0	0	0	0	0	0	0	0	0	0	0	0	0	0
YBR276C	0	1	1	0	1	0	0	0	0	0	0	0	0	0	0	0	0
YBR286W	0	0	0	0	1	0	0	0	0	0	0	0	0	0	0	0	0
YCL005W-A	0	0	1	1	1	1	0	0	0	1	0	0	1	0	0	0	0
YCL008C	0	0	0	1	1	1	0	0	0	0	0	0	0	0	0	0	0
YCL016C	0	1	0	0	0	0	0	0	0	0	0	0	0	0	0	0	0
YCL030C	0	0	1	0	0	0	0	0	0	0	0	0	0	0	0	0	0
YCL033C	0	0	0	0	0	0	1	0	0	0	0	0	0	0	0	0	0
YCL034W	0	0	0	1	0	0	0	0	0	1	0	0	0	0	0	0	0
YCL050C	0	0	1	0	0	0	0	0	0	0	0	0	0	0	0	0	0
YCL057W	0	0	0	0	1	1	0	0	0	0	0	0	0	0	0	0	0
YCL069W	0	0	1	1	0	1	0	0	0	1	0	0	0	0	0	0	0
YCR002C	0	1	1	0	0	1	0	0	0	1	1	1	1	0	0	0	1
YCR003W	0	0	0	0	0	0	0	0	0	1	0	0	0	1	0	0	0
YCR004C	1	0	0	1	0	0	0	0	0	0	0	0	0	0	0	0	0
YCR008W	0	1	1	0	1	0	1	0	0	0	0	0	1	0	0	0	0
YCR020W-B	0	1	0	0	0	0	0	0	0	0	0	0	0	0	0	0	0
YCR024C-A	0	0	0	1	0	0	0	0	0	0	0	0	1	0	1	0	0
YCR027C	0	0	0	1	0	0	0	1	0	0	0	0	0	0	0	0	0
YCR031C	0	0	0	0	0	1	0	0	0	0	0	0	0	1	0	0	0
YCR032W	0	0	0	1	0	0	1	0	0	0	0	0	1	0	0	0	0
YCR042C	1	1	0	0	0	0	0	0	0	0	0	0	0	0	0	0	0
YCR044C	0	0	0	0	0	0	1	0	0	0	0	0	1	0	0	0	0
YCR052W	1	1	0	0	0	0	0	0	0	0	0	0	0	0	0	0	0
YCR057C	1	1	0	0	0	1	0	0	0	0	1	0	0	0	0	0	0
YCR063W	0	0	0	0	0	0	0	0	0	0	1	0	0	0	0	0	0
YCR065W	1	1	0	0	0	0	0	0	0	0	0	0	0	0	0	0	0
YCR089W	0	0	0	0	0	0	0	0	0	0	0	1	1	0	0	0	1
YCR098C	0	0	0	1	0	0	0	0	0	0	0	0	0	0	0	0	0
YCR106W	1	0	0	0	0	0	0	0	0	0	0	0	1	0	0	0	0
YDL004W	0	0	0	1	0	0	0	0	1	0	0	0	1	0	0	0	0
YDL006W	1	0	1	0	1	0	1	0	0	1	1	1	1	0	0	0	0
YDL018C	0	0	0	1	0	0	0	0	0	0	0	0	0	0	0	0	0
YDL019C	0	0	1	0	0	0	0	0	0	0	0	0	0	0	0	0	0
YDL022W	0	0	1	0	0	1	1	0	0	0	0	0	1	0	0	0	0
YDL029W	0	1	0	1	0	1	0	0	0	1	1	1	0	0	0	0	0
YDL030W	1	0	0	0	0	1	0	0	0	0	0	0	0	0	0	0	0
YDL033C	1	0	0	0	0	0	0	0	0	0	0	0	0	0	0	0	0
YDL036C	1	0	0	0	0	0	0	0	0	0	0	0	0	0	0	0	0
YDL037C	0	0	1	0	0	0	0	0	0	0	0	0	0	0	0	0	0
YDL040C	0	0	1	0	1	0	0	0	0	0	0	0	0	1	0	0	0
YDL043C	1	0	0	0	1	1	0	0	0	0	0	0	0	0	0	0	0
YDL049C	0	0	1	0	0	0	0	0	1	0	0	0	0	0	0	0	0
YDL060W	1	0	0	0	0	1	0	0	0	0	0	0	0	1	0	0	0
YDL066W	0	0	1	0	0	1	0	0	1	0	0	0	0	0	0	0	0
YDL067C	0	0	0	1	1	0	0	0	1	0	0	0	0	0	0	0	0
YDL075W	0	0	0	0	0	0	0	0	0	0	0	0	0	1	0	0	0
YDL082W	0	0	0	0	0	0	0	0	0	0	0	0	0	1	0	0	0
YDL088C	0	1	0	1	1	1	0	0	0	1	0	0	0	0	0	0	0
YDL093W	0	0	1	0	1	0	0	0	0	0	0	0	0	0	0	0	0
YDL098C	1	0	0	0	0	0	0	0	0	0	0	0	0	0	0	0	0
YDL100C	0	0	1	0	0	1	1	0	0	0	0	0	1	0	0	0	0
YDL106C	1	0	1	0	0	0	1	1	0	0	0	0	0	0	0	0	0
YDL108W	1	1	1	0	1	0	0	0	0	0	0	0	0	0	0	0	0
YDL120W	0	0	0	0	1	0	1	0	0	0	0	0	1	0	1	0	0
YDL127W	0	1	0	0	0	0	0	0	0	0	0	0	0	0	1	0	0
YDL128W	0	0	0	1	0	0	0	0	0	0	0	0	1	0	0	0	0
YDL130W-A	0	0	0	1	0	0	0	0	1	0	0	0	0	0	0	0	0
YDL133C-A	0	0	0	0	0	0	0	0	0	0	0	0	0	1	0	0	0
YDL155W	0	1	0	0	0	0	0	0	0	0	0	0	0	0	1	0	0
YDL181W	0	0	0	1	0	0	0	0	1	0	0	0	0	0	1	0	0
YDL184C	0	0	0	0	0	0	0	0	0	0	0	0	0	1	0	0	0
YDL192W	0	0	0	1	1	0	0	0	0	0	0	0	0	0	0	0	0
YDL193W	0	0	1	0	0	0	0	0	0	0	0	0	0	0	0	0	0
YDL194W	0	0	1	1	0	1	0	1	0	1	0	0	1	0	0	0	0
YDL207W	0	0	0	1	0	0	0	0	0	0	0	0	0	0	0	0	0
YDL209C	1	0	0	0	0	0	0	0	0	0	0	0	0	0	0	0	0
YDL213C	1	0	0	0	0	0	1	0	0	0	0	0	0	0	0	0	0
YDL227C	0	1	0	0	0	0	0	0	0	0	0	0	1	0	0	0	1
YDL230W	0	0	1	0	1	0	0	1	0	0	0	0	0	0	1	0	0
YDL240W	0	0	0	0	0	0	0	1	0	1	1	0	0	0	1	0	0
YDR016C	0	1	0	0	0	0	0	0	0	1	0	0	0	0	0	0	0
YDR038C	0	0	0	1	0	0	0	0	0	0	0	0	1	0	0	0	0
YDR041W	0	0	0	0	0	0	0	0	0	1	0	0	0	1	0	0	0
YDR043C	1	0	1	0	0	1	1	0	0	0	1	0	1	0	0	0	0
YDR047W	0	0	1	0	0	0	0	0	0	0	0	0	0	0	0	0	0
YDR050C	0	0	1	0	0	0	0	0	1	0	0	0	0	0	0	0	0
YDR060W	0	0	0	0	0	0	0	0	0	1	0	0	0	1	0	0	0
YDR072C	0	0	1	0	0	0	0	0	0	1	0	0	0	0	0	0	0
YDR073W	1	1	1	0	0	0	0	0	0	0	0	0	1	0	0	0	0
YDR079C-A	1	1	0	0	0	0	0	0	0	0	0	0	0	0	0	0	0
YDR098C	0	0	0	1	1	0	1	0	0	0	0	0	0	0	0	0	0
YDR099W	0	1	0	0	0	1	0	1	1	0	1	1	0	0	0	0	0
YDR116C	0	0	0	0	0	0	0	0	1	1	0	0	0	1	0	0	0
YDR122W	0	0	1	0	1	0	0	0	0	0	0	0	0	0	0	0	0
YDR129C	0	0	0	1	0	1	1	0	0	1	1	0	0	0	0	0	0
YDR137W	0	1	0	1	0	0	0	0	0	0	0	1	0	0	1	0	0
YDR143C	0	1	0	0	1	1	0	0	0	0	0	0	1	0	0	0	0
YDR146C	1	1	0	0	0	0	0	0	0	0	0	0	1	0	0	0	0
YDR147W	0	0	1	0	0	0	0	0	0	0	0	0	0	0	0	0	0
YDR148C	0	0	1	0	0	0	0	0	1	0	0	0	0	0	0	0	0
YDR159W	1	1	1	1	1	1	0	0	0	1	0	0	0	0	0	0	0
YDR160W	1	0	1	0	0	1	0	0	0	0	0	0	1	0	0	0	0
YDR170C	0	0	0	1	0	0	0	0	0	0	0	0	0	0	1	0	0
YDR172W	0	1	1	0	0	0	0	0	0	0	0	0	0	1	0	0	0
YDR179C	0	0	0	0	1	0	0	0	0	0	0	0	1	0	0	0	0
YDR184C	0	0	0	0	0	0	1	0	0	1	1	0	1	0	0	0	0
YDR194C	1	0	0	0	0	0	0	0	0	1	0	0	0	0	0	0	0
YDR195W	1	0	0	0	0	1	0	0	0	0	0	0	0	0	0	0	0
YDR204W	0	0	1	0	0	0	0	0	0	0	0	0	0	0	0	0	0
YDR218C	0	1	0	0	0	0	0	0	0	1	1	1	0	0	0	0	0
YDR235W	1	0	0	0	0	1	0	0	0	0	0	0	0	0	0	0	0
YDR236C	0	0	1	0	0	0	0	0	0	0	0	0	0	0	0	0	0
YDR244W	0	0	0	1	1	1	0	0	0	1	0	0	0	0	0	0	0
YDR246W	0	0	0	1	0	0	0	0	0	0	0	0	0	0	0	0	0
YDR253C	1	0	1	0	0	1	0	0	0	0	0	0	0	0	0	0	0
YDR263C	0	1	1	0	0	0	1	0	0	0	0	0	0	0	0	0	0
YDR276C	0	0	0	1	0	0	0	0	0	0	0	0	0	0	0	0	0
YDR279W	0	1	1	0	0	1	0	0	0	0	0	0	0	0	0	0	0
YDR292C	0	0	0	1	1	1	0	0	0	0	0	0	0	0	0	0	0
YDR293C	0	1	0	0	0	1	1	0	0	1	1	1	0	0	0	0	0
YDR297W	0	0	1	0	0	0	0	0	0	0	0	0	0	0	0	0	0
YDR300C	0	0	1	0	0	0	0	0	0	0	0	0	0	0	0	0	0
YDR310C	1	1	0	0	0	0	0	0	0	0	0	0	0	0	0	0	0
YDR311W	1	1	0	0	0	0	0	0	0	0	0	0	0	0	0	0	0
YDR314C	0	1	0	0	0	0	0	0	0	0	0	0	0	0	0	0	0
YDR315C	0	0	1	0	0	0	0	1	0	0	0	0	0	0	0	0	0
YDR320C	0	0	0	1	0	0	0	0	0	1	0	0	0	0	0	0	0
YDR337W	0	0	0	0	0	1	0	0	0	1	0	0	0	1	0	0	0
YDR345C	0	0	0	1	0	0	0	0	0	0	0	0	0	0	0	0	0
YDR356W	0	1	0	0	0	0	0	0	0	1	0	0	0	0	0	0	0
YDR363W-A	0	1	0	1	1	0	0	0	0	0	1	0	0	0	0	0	0
YDR376W	0	0	1	1	0	0	0	0	0	0	0	0	1	0	0	0	0
YDR377W	0	0	0	1	1	0	0	0	1	0	0	0	0	0	0	0	0
YDR384C	0	0	1	1	0	0	0	0	0	0	0	0	0	0	0	0	0
YDR390C	1	0	0	0	1	0	0	0	0	0	0	0	0	0	1	0	0
YDR397C	1	0	0	0	0	0	0	0	0	0	0	0	0	0	1	0	0
YDR400W	0	0	1	0	0	0	0	0	0	0	0	0	0	0	0	0	0
YDR408C	0	0	1	0	0	0	0	0	0	0	0	0	0	0	0	0	0
YDR412W	1	0	0	0	0	0	0	0	0	0	0	0	0	0	0	0	0
YDR416W	1	1	0	0	0	0	0	0	0	0	0	0	0	0	0	0	0
YDR420W	0	0	1	0	0	0	0	0	1	1	1	0	0	0	0	0	0
YDR432W	1	0	0	1	1	1	0	0	0	0	0	0	0	0	0	0	0
YDR434W	0	0	0	0	1	0	0	0	0	1	0	0	0	0	0	0	0
YDR439W	1	1	0	0	0	0	0	0	0	0	0	0	0	0	0	0	0
YDR453C	0	0	1	0	0	0	1	0	0	0	0	0	0	0	0	0	0
YDR460W	1	1	0	0	1	0	0	0	0	0	0	0	0	0	0	0	0
YDR462W	0	0	0	0	0	0	0	0	0	1	0	0	0	1	0	0	0
YDR468C	0	0	0	1	1	0	0	0	0	1	0	0	0	0	0	0	0
YDR469W	0	1	0	0	1	0	0	0	0	1	0	0	0	0	0	0	0
YDR487C	0	0	1	0	0	0	0	0	1	0	0	0	0	0	0	0	0
YDR497C	0	0	0	1	0	0	0	0	0	0	0	0	0	0	0	0	0
YDR502C	0	0	1	0	0	0	0	0	0	0	0	0	0	0	0	0	0
YDR503C	0	0	1	0	0	0	0	0	0	0	0	0	0	0	0	0	0
YDR506C	0	0	0	0	0	0	0	0	0	0	0	0	1	0	0	0	0
YDR507C	0	1	1	0	1	0	0	0	0	1	1	0	0	0	0	0	0
YDR510W	0	0	0	0	1	1	0	0	0	0	0	0	0	0	0	0	0
YDR512C	0	0	0	0	0	0	0	0	0	0	1	0	0	0	0	0	0
YDR516C	0	0	1	0	0	0	0	0	0	0	1	0	0	0	0	0	0
YDR524C	0	0	0	1	0	0	0	0	0	0	0	0	0	0	1	0	0
YDR528W	0	0	0	0	0	0	0	0	0	1	0	0	0	0	0	0	0
YDR530C	0	0	1	0	0	0	0	0	0	0	0	0	0	0	0	0	0
YDR545W	0	1	0	0	0	0	1	0	0	1	0	0	0	0	0	0	0
YEL019C	0	1	0	0	0	0	0	0	0	0	0	0	0	0	0	0	0
YEL021W	0	0	1	0	0	0	0	0	0	0	0	0	0	0	0	0	0
YEL026W	1	0	0	0	0	0	0	0	0	0	0	0	0	0	0	0	0
YEL032W	0	1	0	0	0	1	0	0	0	0	0	0	0	0	0	0	0
YEL034W	0	0	1	0	0	1	0	0	0	0	0	0	0	1	0	0	0
YEL052W	0	0	1	0	0	1	0	0	0	0	0	0	0	0	0	0	0
YEL055C	1	1	0	0	0	1	0	0	0	0	0	0	0	0	0	0	0
YER002W	0	0	0	0	0	0	0	0	0	0	0	0	0	1	0	0	0
YER017C	0	0	1	1	1	1	0	0	0	0	0	0	0	0	0	0	0
YER019W	0	0	1	0	0	0	1	1	0	0	0	0	1	0	0	0	0
YER023W	0	0	1	0	0	1	0	0	0	0	0	0	0	0	0	0	0
YER043C	0	0	1	0	0	0	0	0	0	0	0	0	0	0	0	0	0
YER044C	0	0	1	0	0	0	0	0	0	0	0	0	0	0	0	0	0
YER044C-A	0	1	0	0	0	0	0	0	0	0	1	0	0	0	0	0	0
YER051W	0	1	0	0	1	0	0	0	0	0	0	0	0	0	0	0	0
YER056C	0	0	1	1	0	0	0	0	0	0	0	0	0	0	0	0	0
YER058W	0	0	0	0	1	0	0	0	0	0	0	0	0	0	0	0	0
YER063W	1	0	0	0	0	0	0	0	0	0	0	0	0	0	0	0	0
YER070W	0	1	1	0	0	0	0	0	0	0	0	0	0	0	0	0	0
YER074W	0	0	0	0	0	0	0	0	0	0	0	0	0	1	0	0	0
YER078C	0	0	0	0	1	0	0	0	0	0	0	0	0	0	0	0	0
YER081W	0	0	1	0	0	1	0	0	0	0	0	0	0	0	0	0	0
YER086W	0	0	1	0	0	0	0	0	0	0	0	0	0	0	0	0	0
YER093C	0	0	1	0	0	1	0	0	0	0	0	0	0	0	0	0	0
YER095W	0	1	0	0	0	0	1	0	0	1	0	0	1	0	0	0	1
YER098W	0	0	0	0	1	0	0	0	0	0	0	0	0	0	0	0	0
YER099C	0	0	1	0	0	0	0	0	1	0	0	0	0	0	0	0	0
YER100W	0	0	0	0	1	1	0	0	0	0	0	0	1	0	0	0	0
YER106W	0	1	0	0	0	0	0	0	0	0	0	0	0	0	0	0	0
YER107C	0	0	0	1	1	1	0	0	0	1	0	0	0	0	0	0	0
YER115C	0	0	0	0	0	0	0	0	0	1	1	1	0	0	0	0	0
YER136W	0	0	0	1	0	0	0	0	0	0	0	0	0	0	1	0	0
YER144C	0	0	0	0	1	0	0	0	0	0	0	0	0	0	0	0	0
YER146W	1	0	0	0	0	0	0	0	0	0	0	0	0	0	0	0	0
YER149C	0	0	0	0	0	1	0	1	0	1	1	0	1	0	0	0	0
YER151C	1	0	0	0	1	0	0	0	0	0	0	0	0	0	0	0	0
YER153C	0	0	0	0	0	0	0	0	0	0	0	0	0	1	0	0	0
YER155C	0	1	0	0	0	0	0	1	0	1	1	0	0	0	1	0	0
YER162C	0	1	0	0	0	0	1	0	0	0	0	0	0	0	0	0	0
YER165W	1	0	0	1	0	1	0	0	0	0	0	0	0	1	0	0	0
YER173W	0	1	0	0	0	1	1	0	0	0	0	0	0	0	1	0	0
YER177W	0	1	0	0	0	1	0	1	1	0	1	1	0	0	0	0	0
YER179W	0	1	0	0	0	1	0	0	0	0	0	0	0	0	0	0	0
YER180C	0	1	0	0	0	0	0	0	0	0	1	0	0	0	0	0	0
YER180C-A	0	0	0	1	1	0	0	1	0	0	0	0	0	0	1	0	0
YFL007W	0	0	0	0	1	0	1	0	0	0	0	0	0	0	1	0	0
YFL010W-A	0	0	1	1	0	0	0	0	0	0	0	0	0	0	0	0	0
YFL017C	0	1	1	0	0	0	0	0	0	0	0	0	0	0	0	0	0
YFL020C	0	0	0	0	0	0	1	0	0	0	0	0	0	0	0	0	0
YFL025C	0	0	1	1	1	0	0	0	0	1	0	0	0	0	0	0	0
YFL030W	0	0	1	0	0	0	0	0	1	0	0	0	0	0	0	0	0
YFL060C	0	0	1	0	0	0	1	0	0	0	0	0	0	0	0	0	0
YFR002W	0	0	0	1	1	1	0	0	0	1	0	0	0	0	0	0	0
YFR014C	0	0	1	0	1	0	0	1	0	0	0	1	0	0	0	0	0
YFR015C	0	0	1	0	0	0	0	0	1	0	0	0	0	0	0	0	0
YFR019W	0	0	1	1	1	0	1	0	0	1	0	0	0	0	0	0	0
YFR034C	1	0	1	0	0	1	1	0	0	0	0	0	0	0	0	0	0
YGL005C	0	0	0	1	0	0	0	0	0	0	0	0	0	0	0	0	0
YGL006W	0	0	0	1	0	0	0	0	0	0	0	0	1	0	0	0	0
YGL012W	0	0	1	0	0	0	0	0	0	0	0	0	0	0	0	0	0
YGL021W	0	1	1	0	1	0	1	0	0	0	0	0	0	0	0	0	0
YGL023C	0	0	0	1	0	1	0	0	0	0	0	0	0	0	0	0	0
YGL037C	0	1	1	0	0	0	0	0	0	0	0	1	0	0	0	0	0
YGL038C	0	0	1	0	1	0	0	0	0	0	0	0	0	0	0	0	0
YGL056C	0	1	0	0	0	0	0	0	0	0	0	0	0	0	0	0	0
YGL064C	1	0	0	0	0	0	0	0	0	1	0	0	0	1	0	0	0
YGL087C	0	1	0	0	1	1	0	0	0	0	0	0	0	0	0	0	0
YGL100W	0	0	0	1	1	1	0	0	0	1	1	0	0	0	0	0	0
YGL105W	1	0	0	1	0	1	0	0	0	0	0	0	0	1	0	0	0
YGL116W	0	1	0	0	1	0	0	0	0	0	0	0	0	0	1	0	0
YGL123W	0	0	0	0	0	0	0	0	0	0	0	0	0	1	0	0	0
YGL126W	0	0	1	0	0	0	0	0	0	0	0	0	0	0	0	0	0
YGL127C	1	1	0	0	0	0	0	0	0	0	0	0	0	0	0	0	0
YGL143C	0	0	0	0	0	0	0	0	0	0	0	0	0	1	0	0	0
YGL148W	0	0	1	1	0	0	0	0	0	0	0	0	0	0	0	0	0
YGL155W	0	1	1	0	1	0	0	1	0	0	1	0	1	0	0	0	0
YGL163C	0	1	0	0	0	1	1	0	0	1	0	0	1	0	0	0	1
YGL170C	0	0	0	0	0	1	0	0	0	0	1	0	0	0	0	0	0
YGL171W	1	0	1	0	0	1	0	0	0	0	0	0	0	0	0	0	0
YGL172W	1	0	0	1	1	1	0	0	0	1	0	0	0	1	0	0	0
YGL178W	1	1	1	1	1	1	1	0	0	1	0	1	1	0	0	0	0
YGL183C	0	1	0	0	0	0	0	0	0	0	0	0	0	0	0	0	0
YGL194C	1	1	0	0	1	0	0	0	0	0	0	0	0	0	0	0	0
YGL202W	0	0	1	0	0	0	0	0	0	0	0	0	0	0	0	0	0
YGL205W	0	0	1	0	0	0	0	0	1	0	0	0	0	0	0	0	0
YGL206C	0	0	0	1	1	1	0	0	0	0	0	0	0	0	0	0	0
YGL222C	1	0	1	0	0	1	0	0	0	0	0	0	0	0	0	0	0
YGL225W	0	0	1	1	1	0	0	0	0	0	0	0	0	0	0	0	0
YGL232W	1	0	0	0	0	1	0	0	0	0	0	0	0	0	0	0	0
YGL236C	0	0	0	0	0	0	0	0	0	0	0	0	0	1	0	0	0
YGL244W	1	0	0	0	0	0	0	0	0	0	0	0	0	0	0	0	0
YGL246C	1	0	1	0	0	0	0	0	0	0	0	0	0	0	1	0	0
YGL249W	0	1	0	0	0	0	0	0	0	0	0	0	0	0	0	0	0
YGL253W	0	0	1	0	0	0	0	0	1	0	0	0	0	0	0	0	0
YGR004W	0	0	0	0	0	0	0	0	0	1	0	0	0	0	0	0	0
YGR005C	1	0	0	0	0	0	0	0	0	0	0	0	0	0	0	0	0
YGR010W	0	0	1	0	0	0	0	0	0	0	0	0	0	0	0	0	0
YGR020C	0	0	0	1	0	0	0	0	0	0	0	0	1	0	0	0	0
YGR038W	0	0	0	0	0	0	1	0	0	0	0	0	0	0	0	0	0
YGR040W	0	0	1	0	1	0	0	1	0	0	1	0	1	0	0	0	0
YGR041W	0	0	0	0	0	0	0	0	0	0	1	0	0	0	0	0	0
YGR046W	0	0	0	1	1	0	0	0	0	0	0	0	0	0	0	0	0
YGR055W	0	0	1	1	0	0	0	0	0	0	0	0	0	0	0	0	0
YGR056W	0	1	0	0	0	0	0	0	0	0	0	0	0	0	0	0	0
YGR062C	0	0	0	0	1	0	0	0	1	0	0	0	0	0	0	0	0
YGR070W	0	0	1	0	0	0	0	1	0	1	1	1	0	0	1	0	0
YGR077C	0	0	0	1	1	1	0	0	0	1	0	0	0	0	0	0	0
YGR083C	0	0	0	0	0	0	0	0	0	0	0	0	0	1	0	0	0
YGR087C	0	0	1	0	0	0	0	0	1	0	0	0	0	0	0	0	0
YGR088W	0	0	0	0	0	0	1	0	0	0	0	0	0	0	0	0	0
YGR090W	1	0	0	0	0	1	0	0	0	0	0	0	0	0	0	0	0
YGR091W	1	0	0	0	0	0	0	0	0	0	0	0	0	0	0	0	0
YGR098C	0	1	0	0	1	0	0	0	0	0	0	0	0	0	0	0	0
YGR101W	0	0	0	1	1	0	0	0	0	1	0	0	0	0	0	0	0
YGR112W	0	0	0	0	0	1	1	0	1	0	0	0	0	0	0	0	0
YGR121C	0	0	0	1	0	0	0	0	0	0	0	0	0	0	0	0	0
YGR129W	1	1	0	0	0	0	0	0	0	0	0	0	0	0	0	0	0
YGR134W	1	0	0	0	0	0	0	0	0	0	0	0	0	0	0	0	0
YGR143W	0	0	1	0	0	0	0	0	1	1	0	0	0	0	0	0	0
YGR147C	0	0	0	0	1	0	0	0	0	0	0	0	0	1	0	0	0
YGR152C	0	0	0	0	0	0	0	1	0	1	1	1	0	0	0	0	0
YGR158C	1	0	1	1	0	0	0	0	0	0	0	0	0	0	0	0	0
YGR169C	1	0	1	0	0	0	0	0	0	0	0	0	0	0	0	0	0
YGR171C	0	0	0	0	0	0	0	0	0	0	0	0	0	1	0	0	0
YGR178C	1	0	0	0	0	0	0	0	0	0	0	0	0	0	0	0	0
YGR180C	0	1	1	0	0	0	0	0	0	0	0	0	0	0	0	0	0
YGR181W	0	0	0	1	1	0	0	0	0	0	0	0	0	0	0	0	0
YGR203W	0	0	1	0	1	0	0	1	0	0	0	0	0	0	1	0	0
YGR220C	0	0	0	0	0	0	0	0	0	1	0	0	0	1	0	0	0
YGR222W	1	0	0	0	0	1	0	0	0	0	0	0	0	1	0	0	0
YGR225W	0	1	0	0	1	0	0	0	0	0	1	0	0	0	0	0	0
YGR231C	0	1	0	0	1	0	0	0	0	1	0	1	0	0	0	0	0
YGR234W	0	0	0	0	0	0	1	0	0	0	0	0	0	0	0	0	0
YGR246C	1	0	0	0	0	0	0	0	0	0	0	0	0	0	0	0	0
YGR253C	0	1	0	0	1	0	1	0	0	0	1	0	0	0	0	0	0
YGR255C	0	0	1	0	0	0	0	0	0	0	0	0	0	0	0	0	0
YGR261C	0	0	0	1	0	0	0	0	0	0	0	0	0	0	0	0	0
YGR268C	0	0	0	0	1	0	0	0	0	1	1	1	0	0	0	0	0
YGR286C	0	0	1	0	0	0	0	0	0	0	0	0	0	0	0	0	0
YGR288W	1	0	1	0	0	0	0	0	0	0	0	0	0	0	0	0	0
YGR292W	0	0	1	0	0	0	0	0	1	0	0	0	0	0	0	0	0
YGR296W	0	1	0	0	0	0	1	0	0	1	0	0	0	0	0	0	0
YHL031C	0	0	0	1	1	0	0	0	0	0	0	0	0	0	0	0	0
YHR001W	0	0	1	0	0	1	0	0	0	0	0	0	0	0	0	0	0
YHR001W-A	0	0	0	0	0	0	0	0	1	0	0	0	0	0	0	0	0
YHR002W	0	0	0	1	0	0	0	0	0	0	0	0	0	0	0	0	0
YHR003C	0	0	1	0	0	0	0	0	0	0	0	0	0	0	0	0	0
YHR005C-A	0	0	0	1	1	1	1	0	0	1	0	0	0	0	0	0	0
YHR008C	0	0	0	0	0	0	1	0	0	0	0	0	0	0	0	0	0
YHR016C	0	0	0	1	0	0	0	0	0	1	1	1	0	0	0	0	0
YHR021C	0	0	0	0	0	0	0	0	0	0	0	0	0	1	0	0	0
YHR027C	0	0	0	0	1	0	0	1	0	0	0	0	0	0	0	0	0
YHR034C	1	0	0	0	1	0	0	0	0	0	0	0	0	1	0	0	0
YHR037W	0	0	1	0	0	0	0	0	0	0	0	0	0	0	0	0	0
YHR039C-A	0	0	0	1	0	0	0	0	1	0	0	0	1	0	0	0	0
YHR042W	0	0	1	1	0	0	1	0	0	0	0	0	0	0	0	0	0
YHR043C	0	0	1	0	0	0	1	0	0	0	0	0	0	0	0	0	0
YHR051W	0	0	0	1	0	0	0	0	1	0	0	0	0	0	0	0	0
YHR062C	1	0	0	0	0	0	0	0	0	0	0	0	0	0	0	0	0
YHR065C	1	0	0	0	0	1	0	0	0	0	0	0	0	0	0	0	0
YHR066W	0	0	0	0	0	1	0	0	0	0	0	0	1	1	0	0	1
YHR067W	0	0	1	0	0	0	0	0	1	0	0	1	0	0	0	0	0
YHR074W	0	0	1	0	0	0	0	0	0	0	0	0	0	0	0	0	0
YHR081W	1	1	0	0	0	0	1	0	0	0	0	0	0	0	0	0	0
YHR082C	0	0	1	0	1	0	0	0	0	0	0	0	0	0	0	0	0
YHR084W	1	0	0	0	0	1	0	0	0	0	1	0	1	0	0	0	1
YHR085W	1	0	0	0	0	0	0	0	0	0	0	0	0	0	0	0	0
YHR099W	1	1	0	0	1	0	0	0	0	1	0	0	0	0	0	0	0
YHR111W	0	0	0	0	1	0	0	0	0	0	0	0	0	0	1	0	0
YHR112C	0	0	1	0	0	0	0	0	0	0	0	0	0	0	0	0	0
YHR117W	0	0	0	1	0	0	0	0	0	0	0	0	0	0	0	0	0
YHR122W	1	0	0	0	0	0	0	0	0	0	0	0	0	0	0	0	0
YHR132C	0	0	0	0	0	0	0	0	0	1	0	0	0	0	0	0	0
YHR136C	0	0	0	0	0	0	1	0	0	0	0	0	1	0	1	0	0
YHR143W-A	1	0	0	0	0	1	0	0	0	0	0	0	0	0	0	0	0
YHR149C	0	0	0	0	0	0	0	0	0	1	1	1	0	0	0	0	0
YHR150W	0	0	0	0	0	0	0	0	0	1	0	0	0	0	0	0	0
YHR153C	0	1	0	0	0	0	0	0	0	0	1	0	0	0	0	0	0
YHR156C	0	0	0	0	0	1	0	0	0	0	0	0	0	0	0	0	0
YHR161C	0	0	0	1	1	1	0	0	0	1	1	1	0	0	0	0	0
YHR163W	1	0	0	0	0	0	0	0	1	0	0	0	0	0	0	0	0
YHR164C	0	1	0	0	0	1	0	0	0	0	0	1	0	0	0	0	0
YHR166C	0	1	0	0	1	1	0	0	0	1	0	0	0	0	0	0	0
YHR175W	0	0	0	1	0	0	0	0	0	0	0	0	1	0	0	0	0
YHR190W	0	0	1	0	0	0	0	0	0	0	0	0	0	0	0	0	0
YHR205W	0	1	1	0	1	0	1	0	0	0	0	1	1	0	0	0	0
YIL004C	0	0	0	1	0	0	0	0	0	0	0	0	0	0	0	0	0
YIL011W	0	0	0	0	0	0	1	0	0	0	0	0	0	0	0	0	0
YIL014W	0	0	1	0	1	0	0	0	0	0	0	0	0	0	0	0	0
YIL017C	0	0	0	0	0	0	0	0	1	0	0	0	0	0	0	0	0
YIL019W	1	0	0	0	0	0	0	0	0	0	0	0	0	0	0	0	0
YIL035C	1	1	1	0	1	0	1	0	0	1	1	1	1	0	0	0	0
YIL043C	0	0	0	1	0	1	0	0	1	0	0	0	0	0	0	0	0
YIL046W	1	1	1	0	1	1	0	0	0	0	0	0	0	0	0	0	0
YIL062C	0	0	0	1	1	1	0	0	0	1	1	0	0	0	0	0	0
YIL074C	0	0	1	0	0	1	0	0	0	0	0	0	0	0	0	0	0
YIL078W	0	0	1	0	0	0	0	0	0	0	0	0	0	1	0	0	0
YIL079C	0	0	0	1	0	0	0	0	0	1	1	1	0	0	0	0	0
YIL098C	0	0	1	0	1	0	0	0	0	0	0	0	0	0	0	0	0
YIL103W	0	0	1	0	1	0	1	0	0	0	0	0	0	0	0	0	0
YIL113W	0	0	1	0	1	0	1	1	0	1	0	0	0	0	1	0	0
YIL115C	0	0	0	1	0	1	0	0	0	1	0	0	0	1	0	0	0
YIL124W	0	0	1	0	0	0	0	0	0	0	1	0	0	0	0	0	0
YIL128W	1	1	1	0	0	0	0	0	0	0	0	0	0	0	0	0	0
YIL130W	1	0	0	0	0	0	0	0	0	0	0	0	0	0	0	0	0
YIL137C	0	0	0	0	1	0	0	0	0	0	0	0	0	0	0	0	0
YIL140W	0	0	0	0	0	0	0	0	0	0	1	0	0	0	0	0	0
YIL142W	0	0	0	0	1	1	1	0	0	1	0	0	0	0	0	0	0
YIL146C	0	0	0	0	0	0	0	0	0	1	0	0	0	0	0	0	0
YIL160C	0	0	1	0	0	0	0	0	1	0	0	0	0	0	0	0	0
YIR004W	0	0	0	1	1	1	0	0	0	1	0	0	0	0	0	0	0
YIR006C	0	1	0	1	1	1	0	0	0	1	1	0	0	0	0	0	0
YIR022W	0	0	0	0	1	0	0	0	0	0	0	0	0	0	0	0	0
YIR028W	0	0	0	1	0	0	0	0	0	0	0	0	0	0	0	0	0
YIR029W	0	0	1	0	0	0	0	0	0	0	0	0	0	0	0	0	0
YIR031C	0	0	1	0	0	0	0	0	1	0	0	0	0	0	0	0	0
YJL001W	0	0	0	0	1	0	1	0	0	0	1	0	0	0	0	0	0
YJL003W	0	0	0	0	1	0	0	0	1	0	0	0	0	0	0	0	0
YJL008C	0	0	0	0	1	1	1	0	0	1	0	0	0	0	0	0	0
YJL013C	0	1	0	0	0	0	0	0	0	0	0	0	0	0	0	0	0
YJL024C	0	0	0	1	0	0	0	0	0	0	0	0	0	0	0	0	0
YJL039C	0	0	0	1	0	0	0	0	0	1	0	0	0	0	0	0	0
YJL042W	0	0	0	0	0	0	0	0	0	1	0	0	0	0	0	0	0
YJL060W	0	0	1	0	0	0	0	0	0	0	0	0	0	0	0	0	0
YJL069C	1	0	0	0	0	1	0	0	0	0	0	0	0	0	0	0	0
YJL079C	0	0	0	0	0	0	0	0	0	0	0	0	1	0	0	0	0
YJL090C	0	1	0	0	0	0	0	0	0	0	0	0	0	0	0	0	0
YJL092W	0	1	0	0	0	0	0	0	0	0	0	0	0	0	0	0	0
YJL096W	0	0	0	0	0	0	0	0	0	1	0	0	0	1	0	0	0
YJL098W	0	1	1	0	1	0	0	1	0	0	1	0	0	0	0	0	0
YJL110C	1	0	1	0	0	0	0	0	0	0	0	0	0	0	0	0	0
YJL121C	0	0	1	0	0	0	0	0	1	0	0	0	0	0	0	0	0
YJL124C	1	0	1	0	0	1	0	0	0	0	0	0	0	0	0	0	0
YJL127C	1	1	0	0	1	0	0	0	0	0	0	0	0	0	0	0	0
YJL130C	0	0	1	0	0	0	0	0	0	0	0	0	0	0	0	0	0
YJL153C	0	0	1	0	0	1	0	0	0	0	0	0	0	0	0	0	0
YJL180C	0	0	0	0	1	1	1	0	0	0	0	0	0	0	0	0	0
YJL183W	0	0	1	0	1	0	0	0	0	0	0	0	0	0	0	0	0
YJL189W	0	0	0	0	0	0	0	0	0	0	0	0	0	1	0	0	0
YJL197W	0	0	0	0	1	0	0	0	0	0	0	0	0	0	0	0	0
YJL198W	0	0	0	1	0	0	0	0	0	0	0	0	1	0	0	0	0
YJL203W	1	0	0	0	1	1	0	0	0	0	0	0	0	0	0	0	0
YJL212C	0	0	1	1	0	0	0	0	0	0	0	0	1	0	0	0	0
YJR002W	1	0	0	0	0	0	0	0	0	0	0	0	0	0	0	0	0
YJR007W	0	0	0	0	0	0	0	0	0	0	0	0	0	1	0	0	0
YJR014W	0	0	0	0	0	1	0	0	0	0	0	0	0	0	0	0	0
YJR017C	1	0	1	0	1	0	0	0	0	0	0	0	0	0	0	0	0
YJR021C	0	1	0	0	0	0	0	0	0	0	0	0	0	0	0	0	0
YJR040W	0	0	0	1	0	0	0	0	0	0	0	0	1	0	0	0	0
YJR043C	0	1	0	0	0	0	0	0	0	0	0	0	0	0	0	0	0
YJR048W	0	0	0	1	0	0	0	0	1	0	0	0	0	0	0	0	0
YJR055W	0	0	0	0	0	0	1	0	0	0	0	0	0	0	0	0	0
YJR074W	0	0	0	1	1	1	0	0	0	0	0	0	0	0	0	0	0
YJR091C	1	1	1	0	0	1	0	0	0	0	0	0	0	0	0	0	0
YJR093C	1	0	0	0	0	1	0	0	0	0	0	0	0	0	0	0	0
YJR094C	1	1	0	0	0	0	0	0	0	0	1	0	0	0	0	0	0
YJR101W	0	0	0	0	0	0	0	0	0	1	0	0	0	1	0	0	0
YJR104C	0	0	0	0	0	0	1	0	0	0	0	0	1	0	0	0	0
YJR108W	0	0	0	0	0	0	0	0	0	1	0	0	0	0	0	0	0
YJR109C	0	0	1	0	0	0	0	0	0	0	0	0	0	0	0	0	0
YJR121W	0	0	0	1	0	0	0	0	1	0	0	1	1	0	0	0	0
YJR123W	0	0	0	0	0	0	0	0	0	0	0	0	0	1	0	0	0
YJR125C	0	0	0	1	1	1	0	0	0	1	1	0	0	0	0	0	0
YJR135C	0	1	0	0	0	1	0	0	0	0	0	0	0	0	0	0	0
YJR136C	0	0	0	0	0	0	0	0	0	0	0	0	0	1	0	0	0
YJR137C	0	0	1	0	0	1	0	0	0	1	0	0	0	0	0	0	0
YJR138W	0	1	0	0	0	0	0	0	0	1	0	0	0	0	0	0	0
YJR159W	0	0	1	0	0	0	0	0	0	0	0	0	0	0	0	0	0
YJR160C	0	0	0	1	0	0	0	0	0	0	0	0	0	0	0	0	0
YKL002W	0	0	0	1	1	1	0	0	0	0	0	0	0	0	0	0	0
YKL006C-A	0	0	0	1	0	0	0	0	0	0	0	0	0	0	0	0	0
YKL006W	0	0	0	0	0	1	0	0	0	0	0	0	0	1	0	0	0
YKL009W	1	0	1	0	0	0	0	0	0	0	0	0	0	1	0	0	0
YKL011C	0	1	0	0	0	0	0	0	0	0	0	0	0	0	0	0	0
YKL017C	0	1	0	0	0	0	0	0	0	0	0	0	0	0	0	0	0
YKL026C	0	0	0	0	0	0	1	0	0	0	0	0	0	0	0	0	0
YKL035W	0	0	1	0	1	0	0	0	1	0	0	0	0	0	0	0	0
YKL045W	0	1	0	0	0	0	1	0	0	0	0	0	0	0	0	0	0
YKL046C	0	0	0	0	0	0	0	0	0	1	0	0	0	0	0	0	0
YKL048C	0	1	1	0	1	0	1	0	0	1	1	1	0	0	0	0	0
YKL053C-A	0	0	0	0	0	0	0	0	0	1	0	0	0	0	0	0	0
YKL072W	1	0	0	0	0	0	0	0	0	0	0	0	0	0	0	0	0
YKL084W	0	0	0	0	1	0	0	0	0	1	0	0	0	0	0	0	0
YKL086W	0	0	0	0	0	0	1	0	0	0	0	0	0	0	0	0	0
YKL099C	1	0	0	0	0	1	0	0	0	0	0	0	0	0	0	0	0
YKL103C	0	0	0	0	1	0	0	0	0	0	0	0	0	0	0	0	0
YKL120W	0	0	0	1	0	0	0	0	0	0	0	0	0	0	0	0	0
YKL122C	0	0	0	1	1	1	0	0	0	0	0	0	0	0	0	0	0
YKL129C	0	0	0	1	0	0	1	0	1	1	1	0	0	0	0	0	0
YKL130C	1	0	0	1	0	1	0	0	0	0	0	0	1	0	0	0	0
YKL138C-A	0	1	0	0	0	1	0	0	0	1	0	0	0	0	1	0	0
YKL144C	1	0	0	0	0	1	0	0	0	0	0	0	0	0	0	0	0
YKL146W	0	0	0	1	0	0	0	0	0	0	0	0	0	0	0	0	0
YKL159C	1	0	0	0	0	0	0	1	0	0	0	0	1	0	1	0	0
YKL161C	0	1	1	0	1	0	1	0	0	0	1	1	1	0	0	0	0
YKL163W	0	0	0	0	0	0	1	0	0	1	0	0	0	0	0	0	0
YKL168C	0	0	1	0	1	0	0	0	0	0	0	0	0	0	0	0	0
YKL170W	0	0	0	0	0	0	0	0	0	1	0	0	0	1	0	0	0
YKL184W	0	0	1	0	0	0	0	0	0	1	0	0	0	0	0	0	0
YKL204W	0	0	0	0	0	0	0	0	0	0	0	0	0	1	0	0	0
YKL205W	1	0	0	1	0	1	0	0	0	0	0	0	0	0	0	0	0
YKL217W	0	0	0	1	0	0	0	0	0	0	0	0	0	0	0	0	0
YKR004C	0	0	0	0	0	0	0	0	0	1	0	0	0	0	0	0	0
YKR006C	0	0	0	0	0	0	0	0	0	1	0	0	0	1	0	0	0
YKR008W	0	1	0	0	0	0	0	0	0	1	0	0	0	0	0	0	0
YKR009C	0	0	1	0	0	0	0	0	1	1	0	0	0	0	0	0	0
YKR020W	0	0	0	1	1	1	0	0	0	1	0	0	0	0	0	0	0
YKR022C	1	0	0	0	0	0	0	0	0	0	0	0	0	0	0	0	0
YKR027W	0	0	1	0	0	0	0	0	0	0	0	0	0	0	0	0	0
YKR030W	0	0	0	1	0	0	0	0	0	0	0	0	0	0	0	0	0
YKR053C	0	0	1	0	0	0	1	0	0	0	0	0	0	0	0	0	0
YKR057W	0	0	0	0	0	0	0	0	0	0	0	0	0	1	0	0	0
YKR063C	0	1	0	0	0	0	0	0	0	1	1	0	0	0	0	0	0
YKR064W	1	0	0	0	0	0	0	0	0	0	0	0	0	0	0	0	0
YKR081C	1	0	0	0	0	1	0	0	0	0	0	0	0	1	0	0	0
YKR093W	0	0	0	1	0	0	0	0	0	0	0	0	0	0	0	0	0
YLL004W	1	1	0	0	0	0	0	0	0	0	0	0	1	0	0	0	0
YLL011W	1	0	0	0	0	1	0	0	0	0	0	0	0	0	0	0	0
YLL019C	0	0	1	0	1	0	0	1	0	0	0	0	0	0	0	0	0
YLL021W	0	0	0	0	0	1	0	1	0	1	1	1	1	0	0	0	0
YLL038C	0	0	0	1	1	1	0	0	0	1	1	0	0	0	0	0	0
YLL039C	0	0	0	0	1	1	1	0	0	0	1	0	0	1	0	0	0
YLL043W	0	0	1	1	0	0	1	0	0	0	0	0	0	0	0	0	1
YLL051C	0	0	0	1	0	0	0	0	0	0	0	0	1	0	0	0	0
YLL055W	0	0	0	1	0	0	0	0	0	0	0	0	0	0	0	0	0
YLL062C	0	0	1	0	0	0	0	0	0	0	0	0	0	0	0	0	0
YLR010C	0	1	0	0	0	0	0	0	0	1	0	0	0	0	0	0	0
YLR011W	0	0	1	0	0	1	0	0	0	0	0	0	0	0	0	0	0
YLR023C	1	0	1	0	0	1	0	0	0	0	0	0	1	0	0	0	0
YLR044C	0	0	1	0	0	0	0	0	1	0	0	0	0	0	0	0	0
YLR045C	0	1	0	0	0	1	0	0	0	1	0	0	0	0	0	0	0
YLR052W	0	1	0	0	0	0	0	0	0	1	0	0	0	0	0	0	0
YLR054C	0	0	0	0	0	0	0	0	0	1	1	0	0	0	0	0	0
YLR069C	0	0	0	0	0	0	0	0	0	0	0	0	0	1	0	0	0
YLR075W	0	1	0	0	1	0	0	0	0	0	0	0	0	1	0	0	0
YLR080W	0	0	0	1	0	0	0	0	0	0	0	0	0	0	0	0	0
YLR081W	0	0	1	1	0	0	0	0	0	0	0	0	0	0	0	0	0
YLR094C	0	0	0	0	0	0	0	1	0	0	0	0	0	0	0	0	0
YLR096W	0	0	1	0	1	0	0	0	0	0	0	0	0	0	0	0	0
YLR099C	0	0	1	0	0	0	0	0	0	0	0	0	0	0	0	0	0
YLR115W	1	0	0	0	0	1	0	0	0	0	0	0	0	0	0	0	0
YLR134W	0	0	1	0	0	0	0	0	1	0	0	0	0	0	0	0	0
YLR141W	1	0	0	0	0	1	0	0	0	0	0	0	0	0	0	0	0
YLR150W	0	0	1	0	0	1	1	1	0	1	0	1	0	0	0	0	0
YLR166C	0	1	0	1	0	1	0	0	0	0	1	0	0	0	0	0	0
YLR170C	0	0	0	1	1	1	0	0	0	0	0	0	0	0	0	0	0
YLR176C	1	1	0	0	0	0	1	0	0	0	0	0	0	0	0	0	0
YLR181C	0	0	0	1	0	0	0	0	0	0	0	0	0	0	0	0	0
YLR188W	0	0	1	1	0	1	0	0	0	0	0	0	0	0	0	0	0
YLR201C	0	0	1	0	0	0	0	0	1	0	0	0	0	0	0	0	0
YLR206W	0	0	0	1	1	1	0	0	0	1	1	1	0	0	0	0	0
YLR214W	0	0	0	1	0	0	0	0	0	0	0	0	1	0	0	0	0
YLR216C	1	0	0	0	1	1	1	0	0	0	0	0	0	0	0	0	0
YLR231C	0	0	1	0	0	0	0	0	0	0	0	0	0	0	0	0	0
YLR240W	0	0	1	1	1	0	0	1	0	0	0	0	0	0	0	0	0
YLR243W	0	0	0	0	1	1	0	0	0	0	0	0	0	0	0	0	0
YLR249W	0	0	0	0	0	0	0	0	0	1	0	0	0	1	0	0	0
YLR250W	0	0	0	1	1	0	0	0	0	0	0	0	0	0	0	0	0
YLR263W	0	1	0	0	0	0	0	0	0	1	0	0	0	0	0	0	0
YLR265C	0	1	0	0	0	0	0	0	0	0	0	0	0	0	0	0	0
YLR277C	1	0	0	0	0	1	0	0	0	0	0	0	0	0	0	0	0
YLR309C	0	0	0	1	1	0	0	0	0	1	0	0	0	0	0	0	0
YLR327C	0	0	0	0	1	0	0	0	0	0	0	0	0	0	0	0	0
YLR330W	0	0	1	1	0	0	0	0	0	0	1	0	1	0	0	0	1
YLR340W	0	0	0	0	0	0	0	0	0	0	0	0	0	1	0	0	0
YLR344W	0	0	0	0	0	1	0	0	0	0	0	0	0	1	0	0	0
YLR348C	0	0	0	1	0	0	0	0	0	0	0	0	0	0	0	0	0
YLR356W	0	1	0	0	0	0	0	0	0	0	0	0	0	0	0	0	0
YLR361C	0	1	0	0	0	0	0	0	0	0	0	0	0	0	0	0	0
YLR373C	0	0	0	0	1	0	0	0	0	0	0	0	0	0	0	0	0
YLR377C	0	0	1	0	0	0	0	0	1	0	0	0	0	0	0	0	0
YLR387C	0	0	0	0	1	0	0	0	0	1	0	0	0	0	0	0	0
YLR390W	0	0	0	0	0	0	0	0	0	1	0	0	0	0	0	0	0
YLR394W	0	1	0	0	0	1	0	0	0	0	0	0	0	0	0	0	0
YLR431C	0	0	0	1	1	0	0	0	0	0	0	0	0	0	0	0	0
YLR440C	0	0	0	1	0	0	0	0	0	0	0	0	0	0	0	0	0
YLR448W	0	0	0	0	0	1	0	0	0	0	0	0	0	1	0	0	0
YLR457C	0	0	0	0	0	0	0	0	0	1	0	0	0	0	0	0	0
YML001W	0	0	0	1	0	0	0	0	0	0	0	0	0	0	0	0	0
YML013W	0	0	0	1	1	0	0	0	0	0	0	0	0	0	0	0	0
YML026C	0	0	0	0	0	0	0	0	0	0	0	0	0	1	0	0	0
YML027W	1	1	0	0	0	1	0	0	0	0	0	0	0	0	0	0	0
YML031W	0	1	0	1	1	0	0	0	0	1	0	0	0	0	0	0	0
YML034W	0	1	0	0	0	0	0	0	0	0	0	0	0	0	0	0	0
YML046W	1	0	0	0	0	1	0	0	0	0	0	0	0	0	0	0	0
YML057W	1	0	1	0	1	1	0	1	0	0	0	1	1	0	1	0	0
YML062C	1	1	0	1	1	1	0	0	0	0	0	0	0	0	0	0	0
YML078W	0	0	0	0	1	0	0	0	0	0	0	0	0	0	0	0	0
YML092C	0	0	0	0	1	0	0	0	0	0	0	0	0	0	0	0	0
YML109W	0	1	0	0	0	0	0	0	0	1	1	1	0	0	0	0	0
YML110C	0	0	1	0	0	0	0	0	1	0	0	0	0	0	0	0	0
YML121W	0	0	1	1	0	0	0	0	0	0	0	0	0	0	0	0	0
YML126C	0	0	1	0	0	0	0	0	0	0	0	0	0	0	0	0	0
YML129C	0	0	0	0	1	0	0	0	1	0	0	0	0	0	0	0	0
YML131W	0	0	1	0	0	0	0	0	0	0	0	0	0	0	0	0	0
YMR005W	1	0	0	0	0	0	0	0	0	0	0	0	0	0	0	0	0
YMR009W	0	0	1	0	0	0	0	0	0	0	0	0	0	0	0	0	0
YMR011W	0	0	0	1	0	0	0	0	0	0	0	0	0	0	0	0	0
YMR014W	0	0	0	0	0	0	0	0	0	0	1	0	0	0	0	0	0
YMR021C	1	0	0	0	1	0	1	0	0	0	0	0	1	0	1	0	0
YMR028W	0	1	0	0	0	1	0	1	0	0	0	1	0	1	0	0	0
YMR033W	1	1	0	0	0	0	0	0	0	0	0	0	0	0	0	0	0
YMR043W	1	1	1	0	0	1	1	0	0	0	1	0	1	0	0	0	0
YMR044W	0	1	0	0	0	1	0	0	0	0	0	0	0	0	0	0	0
YMR058W	0	0	1	1	0	0	1	0	0	0	0	0	1	0	0	0	0
YMR060C	0	0	1	1	1	1	0	0	0	1	0	0	0	0	0	0	0
YMR061W	1	0	0	0	0	1	0	0	0	0	0	0	0	0	0	0	0
YMR062C	0	0	1	0	0	0	0	0	0	1	0	0	0	0	0	0	0
YMR063W	0	0	0	0	0	0	0	0	0	0	1	0	0	0	0	0	0
YMR065W	0	0	0	0	0	0	0	0	0	1	0	0	1	0	0	0	1
YMR068W	0	0	0	0	0	0	0	0	0	0	0	1	0	0	0	0	0
YMR076C	0	1	0	0	0	1	0	0	0	0	0	0	0	0	0	0	0
YMR080C	1	1	1	0	0	1	0	0	0	0	0	0	0	1	0	0	0
YMR081C	0	0	1	0	0	0	0	0	1	0	0	0	0	0	0	0	0
YMR083W	0	0	1	0	0	0	0	0	1	0	0	0	0	0	0	0	0
YMR095C	0	0	1	0	0	0	1	0	0	0	0	0	0	0	0	0	0
YMR100W	0	0	0	0	0	0	0	0	0	0	1	0	0	0	0	0	0
YMR104C	0	1	1	0	1	0	0	0	0	0	0	0	0	0	0	0	0
YMR119W	0	0	0	0	1	1	0	0	0	0	0	0	0	0	0	0	0
YMR121C	0	0	0	0	0	1	0	0	0	0	0	0	0	1	0	0	0
YMR134W	0	0	0	0	0	0	0	0	0	0	0	0	1	0	0	0	0
YMR140W	0	0	0	0	0	0	1	0	0	0	0	0	0	0	0	0	0
YMR145C	0	0	0	1	0	0	0	0	1	1	0	0	0	0	0	0	0
YMR152W	0	0	0	0	1	0	0	0	0	0	0	0	0	0	0	0	0
YMR173W	0	1	1	0	0	1	1	0	0	0	0	0	0	0	0	0	0
YMR177W	0	0	0	0	0	0	0	0	0	0	0	0	1	0	0	0	0
YMR182C	1	0	0	0	0	0	0	0	0	0	0	0	0	0	0	0	0
YMR198W	0	1	0	1	0	0	0	0	0	0	0	0	0	0	0	0	0
YMR200W	0	1	0	0	0	0	0	0	0	1	0	0	0	0	0	0	0
YMR201C	0	1	0	0	0	0	1	0	0	0	0	0	0	0	0	0	0
YMR207C	0	0	1	0	0	0	0	0	0	0	0	0	0	0	0	0	0
YMR212C	0	0	0	0	0	0	0	0	0	0	0	1	0	0	0	0	0
YMR213W	1	1	0	0	0	0	0	0	0	0	0	0	0	0	0	0	0
YMR216C	1	0	1	1	1	0	1	0	0	0	0	0	1	0	0	0	0
YMR218C	0	0	0	1	0	0	0	0	0	0	0	0	0	0	0	0	0
YMR232W	0	0	0	0	0	0	0	0	0	0	0	0	1	0	0	0	0
YMR240C	1	0	0	0	1	1	0	0	0	0	0	0	0	0	0	0	0
YMR246W	0	0	1	1	1	0	0	0	0	0	0	0	0	0	0	0	0
YMR255W	0	0	0	1	0	0	0	0	0	0	0	0	0	0	0	0	0
YMR278W	0	0	1	0	0	0	0	0	0	0	0	0	0	0	0	0	0
YMR287C	1	0	1	0	0	0	0	0	0	0	0	0	0	0	0	0	0
YMR297W	0	0	0	0	1	0	0	0	0	0	0	0	0	0	0	0	0
YMR300C	0	0	1	0	0	0	0	0	0	0	0	0	0	0	0	0	0
YMR301C	0	0	1	1	0	1	0	0	0	0	0	0	1	0	0	0	0
YMR307W	0	0	1	0	0	0	0	0	0	1	0	0	0	0	0	0	0
YMR311C	0	0	1	0	0	0	0	0	0	0	0	0	0	0	1	0	0
YMR316W	0	0	0	0	0	0	0	0	0	0	1	0	0	0	0	0	0
YNL002C	1	0	0	0	0	1	0	0	0	0	0	0	0	1	0	0	0
YNL003C	0	0	0	1	0	0	0	0	0	0	0	0	0	0	0	0	0
YNL007C	0	1	0	0	0	1	1	0	0	0	0	0	0	1	0	0	0
YNL009W	0	0	1	0	0	1	0	0	1	0	0	0	0	0	0	0	0
YNL016W	1	0	1	0	0	1	0	0	0	0	0	0	0	0	0	0	0
YNL027W	1	0	0	0	0	0	1	1	0	0	0	0	1	0	0	0	0
YNL032W	0	0	1	1	1	0	1	1	0	1	0	0	0	0	1	0	0
YNL041C	0	0	0	1	0	0	0	0	0	0	0	0	0	0	0	0	0
YNL042W	0	0	0	0	0	0	1	0	0	0	0	0	0	0	0	0	0
YNL044W	0	0	0	1	0	0	0	0	0	0	0	0	0	0	0	0	0
YNL051W	0	0	0	1	0	0	0	0	0	0	0	0	0	0	0	0	0
YNL061W	1	0	0	0	0	0	0	0	0	0	0	0	0	0	0	0	0
YNL064C	0	1	0	1	1	0	1	0	0	0	0	0	0	0	1	0	0
YNL069C	0	0	0	0	0	1	0	0	0	0	0	0	0	1	0	0	0
YNL071W	0	0	1	0	0	0	0	0	1	0	0	0	0	0	0	0	0
YNL076W	1	0	1	0	0	0	0	0	0	1	0	0	0	0	0	0	0
YNL094W	0	0	0	0	0	0	0	0	0	1	1	1	0	0	0	0	0
YNL102W	0	1	0	0	0	0	1	0	0	0	0	0	0	0	0	0	0
YNL104C	0	0	1	0	0	0	0	0	0	0	0	0	0	0	0	0	0
YNL116W	0	1	0	0	0	0	0	0	0	0	0	0	0	0	0	0	0
YNL121C	0	0	0	1	1	0	0	0	0	0	0	0	0	0	0	0	0
YNL124W	0	0	0	1	0	1	0	0	0	0	0	0	0	0	0	0	0
YNL129W	0	0	1	0	0	0	0	0	0	0	0	0	0	0	0	0	0
YNL131W	0	0	0	1	1	0	0	0	0	0	0	0	0	0	0	0	0
YNL135C	0	0	0	0	1	0	0	0	0	0	0	0	0	1	0	0	0
YNL141W	0	0	1	0	0	0	0	0	0	0	0	0	0	0	0	0	0
YNL152W	0	0	0	0	0	1	0	0	0	0	0	0	0	0	0	0	0
YNL172W	0	1	0	0	1	1	0	0	0	0	0	0	0	0	0	0	0
YNL183C	0	0	1	1	1	0	0	1	0	0	0	0	0	0	0	0	0
YNL185C	0	0	0	0	0	0	0	0	0	1	0	0	0	1	0	0	0
YNL188W	0	1	0	0	0	1	0	0	0	1	0	0	1	0	0	0	1
YNL190W	0	0	0	0	0	0	1	0	0	0	0	0	0	0	0	0	0
YNL194C	0	0	0	0	0	0	0	0	0	0	1	0	0	0	0	0	0
YNL199C	1	0	1	0	0	0	0	0	1	0	0	0	0	0	0	0	0
YNL206C	0	1	0	0	0	0	0	0	0	0	0	0	0	0	0	1	0
YNL216W	1	1	1	0	0	1	1	0	0	1	0	0	0	1	0	0	0
YNL220W	0	0	1	0	0	0	0	0	0	0	0	0	0	0	0	0	0
YNL233W	0	1	0	0	1	1	0	0	0	1	1	1	0	0	0	0	0
YNL257C	1	0	1	0	0	0	0	0	0	0	0	0	0	0	1	0	0
YNL267W	0	1	1	1	0	0	0	1	0	0	1	0	0	0	0	0	0
YNL268W	0	0	0	1	0	0	0	0	0	0	0	0	0	0	0	0	0
YNL283C	0	0	1	0	0	0	1	1	0	1	0	0	1	0	0	0	0
YNL289W	0	1	0	0	0	0	0	0	0	0	0	0	0	0	1	0	0
YNL290W	0	1	1	0	0	1	0	0	0	0	0	0	0	0	1	0	0
YNL291C	0	0	0	1	0	0	0	0	0	0	0	0	1	0	0	0	0
YNL294C	0	0	0	0	0	0	0	0	0	0	1	0	0	0	0	0	0
YNL323W	1	0	0	0	0	0	0	1	0	0	0	0	0	0	0	0	0
YNL339C	0	1	0	0	0	0	1	0	0	1	0	0	0	0	0	0	0
YNR002C	0	0	1	1	0	0	0	0	0	0	0	0	0	0	0	0	0
YNR016C	0	0	1	1	1	0	0	0	0	1	0	0	0	0	0	0	0
YNR026C	0	0	0	1	1	0	0	0	0	0	0	0	0	0	1	0	0
YNR030W	0	0	1	0	1	0	0	0	0	1	0	0	0	0	0	0	0
YNR032W	0	0	1	0	1	0	0	0	1	0	0	0	0	0	0	0	0
YNR041C	0	0	1	1	0	1	0	0	0	0	0	0	0	0	0	0	0
YNR043W	0	0	1	0	0	0	0	0	0	0	0	0	0	0	0	0	0
YNR049C	0	0	0	1	0	0	0	0	0	0	1	0	0	0	0	0	0
YNR051C	0	0	0	0	1	0	0	0	0	0	0	0	0	0	0	0	0
YNR052C	1	0	1	0	0	0	0	0	0	0	1	0	0	0	0	0	0
YNR054C	1	0	0	0	0	1	0	0	0	0	0	0	0	1	0	0	0
YOL001W	1	0	1	0	0	0	0	0	0	0	0	0	0	0	1	0	0
YOL002C	0	0	1	0	0	1	0	0	0	0	0	0	1	0	0	0	0
YOL006C	1	1	0	0	0	0	0	0	0	0	0	0	0	0	0	0	0
YOL011W	0	0	1	0	0	0	0	0	0	0	0	0	0	0	0	0	0
YOL012C	1	1	0	0	0	0	0	0	0	0	0	0	0	0	0	0	0
YOL038W	0	0	0	0	1	0	0	0	0	0	0	0	0	0	0	0	0
YOL040C	0	0	0	1	1	0	0	0	0	0	0	0	0	1	0	0	0
YOL041C	0	0	0	0	0	1	0	0	0	0	0	0	0	0	0	0	0
YOL042W	1	1	0	0	0	0	0	0	0	0	0	0	0	0	0	0	0
YOL044W	0	0	0	1	1	0	0	0	0	1	0	0	0	0	0	0	0
YOL051W	1	0	1	0	0	0	0	0	0	0	1	0	1	0	0	0	0
YOL054W	1	0	0	0	0	0	0	0	0	0	0	0	0	0	0	0	0
YOL058W	0	0	1	0	0	0	0	0	0	0	0	0	0	0	0	0	0
YOL059W	0	0	1	0	0	1	0	0	0	0	0	0	0	0	0	0	0
YOL069W	0	1	0	0	0	0	0	0	0	1	0	0	0	0	0	0	0
YOL077W-A	0	0	0	1	0	0	0	0	1	0	0	0	0	0	0	0	0
YOL081W	0	0	1	0	0	0	0	1	0	0	0	0	0	0	1	0	0
YOL095C	0	1	0	0	0	1	0	0	0	0	0	0	0	0	0	0	0
YOL096C	0	0	1	0	0	0	0	0	0	0	0	0	0	0	0	0	0
YOL103W	0	0	0	1	0	0	0	0	0	0	0	0	0	0	0	0	0
YOL121C	0	0	0	0	0	0	0	0	0	0	0	0	0	1	0	0	0
YOL122C	0	0	0	1	1	0	0	0	0	0	0	0	1	0	0	0	0
YOL123W	1	0	0	1	0	1	0	0	0	0	0	0	0	0	0	0	0
YOL129W	0	0	0	1	1	0	0	0	0	0	0	0	0	0	0	0	0
YOL130W	0	0	0	1	0	0	1	0	0	0	0	0	1	0	0	0	0
YOL139C	0	1	0	0	0	0	0	0	0	0	1	0	0	1	0	0	0
YOL140W	0	0	1	0	0	0	0	0	0	0	0	0	0	0	0	0	0
YOL158C	0	0	0	1	0	0	1	0	0	0	0	0	0	0	0	0	0
YOR001W	1	0	0	0	0	0	0	0	0	0	0	0	0	0	0	0	0
YOR003W	0	0	0	0	1	0	0	0	0	0	0	0	0	0	0	0	0
YOR005C	0	1	0	0	0	0	0	0	0	0	1	0	0	0	0	0	0
YOR023C	0	1	0	0	1	0	0	0	0	0	0	0	0	0	0	0	0
YOR025W	1	1	1	0	0	1	0	0	0	0	0	0	0	0	0	0	0
YOR037W	0	0	0	1	1	0	0	0	0	1	0	0	0	0	0	0	0
YOR039W	1	1	1	0	1	0	1	0	0	0	1	0	1	0	0	0	0
YOR040W	0	0	1	0	0	0	0	0	0	0	0	0	0	0	0	0	0
YOR043W	0	0	0	1	0	0	1	0	0	1	0	1	0	0	1	0	0
YOR054C	0	1	1	0	0	0	1	0	0	0	0	0	1	0	1	0	0
YOR058C	0	1	0	0	0	1	0	0	0	0	0	0	0	0	0	0	0
YOR064C	0	1	0	0	1	0	0	0	0	1	0	0	0	0	0	0	0
YOR070C	0	0	0	1	0	0	0	0	0	0	0	0	0	0	1	0	0
YOR083W	1	1	0	0	0	0	0	0	0	0	0	1	0	0	0	0	0
YOR099W	0	0	1	0	1	0	0	0	0	1	0	0	0	0	0	0	0
YOR115C	0	0	0	1	0	0	0	0	0	0	0	0	0	0	0	0	0
YOR128C	0	0	1	0	0	0	0	0	0	0	0	0	0	0	0	0	0
YOR132W	0	0	0	1	1	0	0	0	0	0	0	0	0	0	0	0	0
YOR145C	1	0	0	0	1	1	1	0	0	0	0	0	0	0	0	0	0
YOR148C	1	0	0	0	0	0	0	0	0	0	0	0	0	0	0	0	0
YOR153W	0	0	0	1	0	1	1	0	0	0	0	0	1	0	0	0	0
YOR155C	0	0	1	0	0	0	0	0	0	0	0	0	0	0	0	0	0
YOR159C	1	0	0	0	0	0	0	0	0	0	0	0	0	0	0	0	0
YOR161C	0	0	0	1	0	0	0	0	0	0	0	0	0	0	0	0	0
YOR184W	0	0	1	0	0	0	0	0	0	0	0	0	0	0	0	0	0
YOR185C	0	0	0	1	0	0	0	0	0	1	0	0	0	0	0	0	0
YOR190W	0	0	1	0	0	0	0	0	0	0	1	0	0	0	0	0	0
YOR195W	0	1	0	0	0	0	0	0	0	0	0	0	0	0	0	0	0
YOR196C	0	0	1	0	0	0	0	0	0	0	0	0	0	0	0	0	0
YOR207C	1	0	0	0	0	1	0	0	0	0	0	0	0	0	0	0	0
YOR209C	0	1	1	0	0	0	0	0	0	0	0	0	0	0	0	0	0
YOR217W	0	1	0	0	0	1	0	0	0	0	0	0	0	0	0	0	0
YOR229W	1	1	0	0	0	0	0	0	0	0	0	0	0	0	1	0	0
YOR233W	0	0	1	0	1	0	0	0	0	0	0	0	0	0	0	0	0
YOR247W	0	0	1	0	0	0	1	0	0	0	0	0	0	0	0	0	0
YOR260W	0	0	0	0	0	0	0	0	0	0	0	0	0	1	0	0	0
YOR266W	0	0	0	0	0	0	1	0	0	1	0	0	0	0	0	0	0
YOR274W	1	0	0	0	0	0	0	0	0	0	0	0	0	0	0	0	0
YOR294W	1	0	0	0	0	0	0	0	0	0	0	0	0	1	0	0	0
YOR313C	0	1	1	0	0	0	0	0	0	0	1	0	0	0	0	0	0
YOR320C	0	0	1	0	1	0	0	0	0	0	0	0	0	0	0	0	0
YOR329C	0	0	0	1	1	1	0	0	0	1	0	0	0	0	0	0	0
YOR347C	0	0	1	0	0	0	0	0	1	0	0	0	0	0	0	0	0
YOR351C	0	1	1	0	1	0	0	0	0	0	0	0	0	0	0	0	0
YOR363C	1	0	1	0	0	1	0	0	0	1	0	0	0	0	0	0	0
YOR367W	0	0	0	0	0	1	0	0	0	1	0	0	0	0	0	0	0
YOR368W	0	1	1	0	0	0	1	0	0	0	0	0	0	0	0	0	0
YOR373W	0	1	0	0	0	0	0	0	0	1	0	0	0	0	0	0	0
YOR375C	0	0	1	0	0	1	0	0	1	0	0	0	0	0	0	0	0
YOR388C	0	0	1	0	0	0	0	0	1	0	0	0	0	0	0	0	0
YPL006W	0	0	1	1	0	0	0	0	0	0	0	0	0	0	0	0	0
YPL024W	0	1	0	0	0	1	0	0	0	0	0	0	0	0	1	0	0
YPL026C	1	0	1	1	1	0	0	0	0	0	0	0	0	0	0	0	0
YPL028W	0	0	1	0	0	0	0	0	0	0	0	0	0	0	0	0	0
YPL040C	0	0	0	0	0	0	0	0	0	0	0	0	0	1	0	0	0
YPL042C	1	1	1	0	1	0	0	0	0	0	0	0	0	0	0	0	0
YPL045W	0	0	0	1	1	0	0	0	0	1	0	0	0	0	0	0	0
YPL058C	0	0	1	1	0	1	0	0	0	0	0	0	0	0	0	0	0
YPL061W	0	0	1	0	0	0	0	0	1	0	0	0	0	0	0	0	0
YPL069C	0	0	1	0	0	0	0	0	0	0	0	0	0	0	0	0	0
YPL070W	1	0	0	0	0	0	0	0	0	0	0	0	0	0	0	0	0
YPL078C	0	0	0	1	0	1	0	0	1	0	0	0	1	0	0	0	0
YPL079W	0	0	0	0	0	0	0	0	0	0	0	0	0	1	0	0	0
YPL084W	0	0	0	1	1	0	1	1	0	0	0	0	1	0	0	0	0
YPL089C	1	0	0	0	0	1	0	1	0	1	0	1	0	0	0	0	0
YPL090C	0	0	0	0	0	0	0	0	0	0	0	0	0	1	0	0	0
YPL092W	0	0	0	1	0	0	1	0	0	0	0	0	0	0	0	0	0
YPL096C-A	0	0	0	0	0	0	0	1	0	0	0	0	0	0	1	0	0
YPL113C	0	0	1	0	0	0	0	0	0	0	0	0	0	0	0	0	0
YPL118W	0	0	0	0	0	0	0	0	0	1	0	0	0	1	0	0	0
YPL120W	0	0	0	1	1	0	0	0	0	0	0	0	0	0	0	0	0
YPL126W	1	1	0	0	0	1	0	0	0	0	0	0	0	0	0	0	0
YPL129W	1	1	1	0	0	0	0	0	0	0	0	0	1	0	0	0	0
YPL141C	0	0	1	0	1	0	0	0	0	0	0	0	0	0	0	0	0
YPL146C	1	0	0	0	0	1	0	0	0	0	0	0	0	1	0	0	0
YPL148C	0	0	1	1	1	0	0	0	0	0	0	0	0	0	0	0	0
YPL157W	1	0	0	0	0	0	0	0	0	0	0	0	0	0	0	0	0
YPL160W	0	0	0	0	0	0	0	0	0	0	0	0	0	1	0	0	0
YPL169C	0	0	0	1	0	1	0	0	0	0	0	0	0	0	0	0	0
YPL170W	0	0	1	0	0	0	0	0	0	0	0	0	0	0	0	0	0
YPL175W	0	0	1	0	1	0	0	0	0	1	0	0	0	0	0	0	0
YPL180W	0	0	1	0	0	0	1	0	0	0	0	0	0	0	0	0	0
YPL189W	0	0	0	1	0	0	0	0	0	0	0	0	0	0	0	0	0
YPL190C	1	0	0	1	0	1	0	0	0	0	0	0	0	0	0	0	0
YPL194W	0	1	0	0	0	0	1	0	0	0	0	0	0	0	0	0	0
YPL202C	1	0	0	0	0	0	1	0	0	0	0	0	1	0	0	0	0
YPL208W	0	0	0	0	1	0	0	0	0	0	0	0	0	0	0	0	0
YPL219W	0	0	1	0	0	0	0	0	1	0	0	0	0	0	1	0	0
YPL226W	0	0	1	0	0	1	0	0	0	0	0	0	0	1	0	0	0
YPL234C	0	0	0	1	1	0	0	0	0	0	0	0	1	0	0	0	0
YPL237W	0	0	0	0	0	0	0	0	0	0	0	0	0	1	0	0	0
YPL239W	0	1	0	0	0	0	0	0	0	0	0	0	0	0	0	0	0
YPL243W	0	0	0	1	1	1	0	0	0	0	0	0	0	0	0	0	0
YPL249C-A	0	0	0	0	0	1	0	0	0	0	0	0	0	1	0	0	0
YPL256C	0	1	0	0	0	0	0	0	0	1	1	1	1	0	1	0	0
YPL266W	1	0	0	0	0	0	0	0	0	0	0	0	0	0	0	0	0
YPR024W	0	0	0	0	1	1	0	0	0	1	0	0	0	0	0	0	0
YPR028W	0	0	0	1	0	1	0	0	0	1	0	0	0	0	0	0	0
YPR041W	0	0	0	0	0	0	0	0	0	0	0	0	0	1	1	0	0
YPR042C	1	0	1	0	0	1	0	0	0	0	0	0	0	0	0	0	0
YPR047W	0	0	0	0	1	0	0	0	0	0	0	0	0	1	0	0	0
YPR051W	0	0	0	0	1	0	0	0	0	0	0	0	0	0	0	0	0
YPR055W	0	1	0	1	0	1	0	0	0	0	1	0	0	0	0	0	0
YPR057W	1	0	0	0	1	1	0	0	0	0	0	0	0	0	0	0	0
YPR062W	0	0	1	0	0	0	0	0	0	0	0	0	0	0	0	0	0
YPR066W	0	0	0	0	1	0	0	0	0	0	0	0	0	0	1	0	0
YPR080W	0	0	0	0	0	0	0	0	0	0	0	0	0	1	0	0	0
YPR082C	1	1	0	0	0	0	0	0	0	0	0	0	0	0	0	0	0
YPR108W	0	0	0	0	1	1	0	0	0	0	0	0	0	0	0	0	0
YPR113W	0	0	1	0	0	0	0	0	0	0	0	0	0	0	0	0	0
YPR120C	0	1	0	0	0	0	0	0	0	0	0	0	0	0	1	0	0
YPR121W	0	0	1	0	0	0	0	0	0	0	0	0	0	0	0	0	0
YPR145W	0	0	1	0	0	0	0	0	0	0	0	0	0	0	0	0	0
YPR151C	0	0	0	0	1	0	0	0	0	0	0	0	0	0	0	0	0
YPR159W	0	0	1	0	0	0	0	0	1	1	0	1	0	0	0	0	0
YPR160W	0	0	1	0	0	0	0	0	1	0	0	0	0	0	0	0	0
YPR161C	1	1	1	0	1	0	0	0	0	0	0	1	1	0	0	0	0
YPR175W	0	1	0	0	0	0	0	0	0	0	0	0	0	0	0	0	0
YPR187W	1	0	0	0	0	1	0	0	0	0	0	0	0	0	0	0	0
YPR190C	1	0	0	0	0	1	0	0	0	0	0	0	0	0	0	0	0
YPR191W	0	0	0	0	1	0	0	0	1	0	0	0	0	0	0	0	0
